1.000000 0.000000 0.000000 0.000000 0.000000 0.000000 0.000000 0.000000 0.000000 0.000000
0.000000 0.000000 1.000000 0.000000 0.000000 0.000000 0.000000 0.000000 0.000000 0.000000
0.203094 0.000000 0.203093 0.000000 0.390723 0.000000 0.000000 0.000000 0.203090 0.000000
0.171006 0.000000 0.000000 0.000000 0.328995 0.328995 0.000000 0.000000 0.171005 0.000000
0.203094 0.000000 0.000000 0.203093 0.000000 0.390723 0.000000 0.000000 0.000000 0.203090
0.000000 0.000000 0.000000 1.000000 0.000000 0.000000 0.000000 0.000000 0.000000 0.000000
0.000000 0.203094 0.203090 0.000000 0.000000 0.000000 0.390723 0.000000 0.203093 0.000000
0.000000 0.000000 0.000000 0.000000 0.000000 0.000000 0.000000 0.000000 1.000000 0.000000
0.000000 0.000000 0.000000 0.000000 0.000000 0.000000 0.000000 0.000000 0.000000 1.000000
0.000000 0.203094 0.000000 0.203090 0.000000 0.000000 0.000000 0.390723 0.000000 0.203093
0.000000 0.171006 0.000000 0.171005 0.000000 0.000000 0.328995 0.328995 0.000000 0.000000
0.000000 1.000000 0.000000 0.000000 0.000000 0.000000 0.000000 0.000000 0.000000 0.000000
0.343600 0.000000 0.192814 0.000000 0.303844 0.159742 0.000000 0.000000 0.000000 0.000000
0.330463 0.000000 0.330460 0.185444 0.153634 0.000000 0.000000 0.000000 0.000000 0.000000
0.218131 0.000000 0.388712 0.000000 0.212443 0.000000 0.180714 0.000000 0.000000 0.000000
0.185442 0.000000 0.330463 0.330463 0.000000 0.000000 0.000000 0.153632 0.000000 0.000000
0.330463 0.000000 0.185444 0.330460 0.000000 0.153634 0.000000 0.000000 0.000000 0.000000
0.316949 0.000000 0.000000 0.122487 0.280282 0.280282 0.000000 0.000000 0.000000 0.000000
0.000000 0.000000 0.000000 0.000000 1.000000 0.000000 0.000000 0.000000 0.000000 0.000000
0.343600 0.000000 0.000000 0.192814 0.159742 0.303844 0.000000 0.000000 0.000000 0.000000
0.000000 0.000000 0.000000 0.000000 0.000000 1.000000 0.000000 0.000000 0.000000 0.000000
0.218131 0.000000 0.000000 0.388712 0.000000 0.212443 0.000000 0.180714 0.000000 0.000000
0.000000 0.000000 0.334222 0.187556 0.000000 0.000000 0.295556 0.182666 0.000000 0.000000
0.000000 0.000000 0.187556 0.334222 0.000000 0.000000 0.182666 0.295556 0.000000 0.000000
0.000000 0.000000 0.253301 0.000000 0.246699 0.000000 0.246699 0.000000 0.253301 0.000000
0.000000 0.000000 0.376330 0.145438 0.000000 0.000000 0.332794 0.145438 0.000000 0.000000
0.000000 0.000000 0.000000 0.000000 0.295556 0.182666 0.000000 0.000000 0.334222 0.187556
0.000000 0.000000 0.000000 0.000000 0.332794 0.145438 0.000000 0.000000 0.376330 0.145438
0.000000 0.000000 0.000000 0.000000 0.145438 0.332794 0.000000 0.000000 0.145438 0.376330
0.000000 0.000000 0.000000 0.000000 0.182666 0.295556 0.000000 0.000000 0.187556 0.334222
0.000000 0.000000 0.145438 0.376330 0.000000 0.000000 0.145438 0.332794 0.000000 0.000000
0.000000 0.000000 0.000000 0.253301 0.000000 0.246699 0.000000 0.246699 0.000000 0.253301
0.000000 0.000000 0.000000 0.000000 0.000000 0.000000 1.000000 0.000000 0.000000 0.000000
0.000000 0.218131 0.000000 0.000000 0.180714 0.000000 0.212443 0.000000 0.388712 0.000000
0.000000 0.185442 0.000000 0.000000 0.153632 0.000000 0.000000 0.000000 0.330463 0.330463
0.000000 0.218131 0.000000 0.000000 0.000000 0.180714 0.000000 0.212443 0.000000 0.388712
0.000000 0.000000 0.000000 0.000000 0.000000 0.000000 0.000000 1.000000 0.000000 0.000000
0.000000 0.343600 0.000000 0.000000 0.000000 0.000000 0.303844 0.159742 0.192814 0.000000
0.000000 0.316949 0.000000 0.000000 0.000000 0.000000 0.280282 0.280282 0.122487 0.000000
0.000000 0.330463 0.000000 0.000000 0.000000 0.000000 0.153634 0.000000 0.330460 0.185444
0.000000 0.330463 0.000000 0.000000 0.000000 0.000000 0.000000 0.153634 0.185444 0.330460
0.000000 0.343600 0.000000 0.000000 0.000000 0.000000 0.159742 0.303844 0.000000 0.192814
0.000000 0.000000 0.000000 0.250000 0.250000 0.250000 0.000000 0.250000 0.000000 0.000000
